(kicad_pcb (version 20171130) (host pcbnew "(5.1.9)-1")

  (general
    (thickness 1.6)
    (drawings 13)
    (tracks 622)
    (zones 0)
    (modules 48)
    (nets 75)
  )

  (page A4)
  (layers
    (0 F.Cu signal)
    (31 B.Cu signal)
    (32 B.Adhes user)
    (33 F.Adhes user)
    (34 B.Paste user)
    (35 F.Paste user)
    (36 B.SilkS user)
    (37 F.SilkS user)
    (38 B.Mask user)
    (39 F.Mask user)
    (40 Dwgs.User user)
    (41 Cmts.User user)
    (42 Eco1.User user)
    (43 Eco2.User user)
    (44 Edge.Cuts user)
    (45 Margin user)
    (46 B.CrtYd user)
    (47 F.CrtYd user)
    (48 B.Fab user hide)
    (49 F.Fab user hide)
  )

  (setup
    (last_trace_width 0.25)
    (trace_clearance 0.2)
    (zone_clearance 0.508)
    (zone_45_only no)
    (trace_min 0.2)
    (via_size 0.8)
    (via_drill 0.4)
    (via_min_size 0.4)
    (via_min_drill 0.3)
    (uvia_size 0.3)
    (uvia_drill 0.1)
    (uvias_allowed no)
    (uvia_min_size 0.2)
    (uvia_min_drill 0.1)
    (edge_width 0.05)
    (segment_width 0.2)
    (pcb_text_width 0.3)
    (pcb_text_size 1.5 1.5)
    (mod_edge_width 0.12)
    (mod_text_size 1 1)
    (mod_text_width 0.15)
    (pad_size 1.524 1.524)
    (pad_drill 0.762)
    (pad_to_mask_clearance 0)
    (aux_axis_origin 0 0)
    (visible_elements 7FFFFFFF)
    (pcbplotparams
      (layerselection 0x010f0_ffffffff)
      (usegerberextensions false)
      (usegerberattributes true)
      (usegerberadvancedattributes true)
      (creategerberjobfile true)
      (excludeedgelayer true)
      (linewidth 0.100000)
      (plotframeref false)
      (viasonmask false)
      (mode 1)
      (useauxorigin false)
      (hpglpennumber 1)
      (hpglpenspeed 20)
      (hpglpendiameter 15.000000)
      (psnegative false)
      (psa4output false)
      (plotreference true)
      (plotvalue true)
      (plotinvisibletext false)
      (padsonsilk false)
      (subtractmaskfromsilk false)
      (outputformat 1)
      (mirror false)
      (drillshape 0)
      (scaleselection 1)
      (outputdirectory ""))
  )

  (net 0 "")
  (net 1 5V)
  (net 2 GND)
  (net 3 3V3)
  (net 4 "Net-(C107-Pad2)")
  (net 5 "Net-(C108-Pad2)")
  (net 6 "Net-(C203-Pad2)")
  (net 7 DTR)
  (net 8 "Net-(D101-Pad2)")
  (net 9 "Net-(D101-Pad1)")
  (net 10 "Net-(D102-Pad2)")
  (net 11 "Net-(D102-Pad1)")
  (net 12 "Net-(D103-Pad1)")
  (net 13 "Net-(D103-Pad2)")
  (net 14 "Net-(D104-Pad1)")
  (net 15 "Net-(D104-Pad2)")
  (net 16 "Net-(D201-Pad2)")
  (net 17 "Net-(D202-Pad2)")
  (net 18 "Net-(D203-Pad1)")
  (net 19 "Net-(D203-Pad2)")
  (net 20 "Net-(D204-Pad2)")
  (net 21 "Net-(D204-Pad1)")
  (net 22 /MISO_D12)
  (net 23 /SCK_D13)
  (net 24 /MOSI_D11)
  (net 25 "Net-(J103-Pad1)")
  (net 26 "Net-(J201-Pad2)")
  (net 27 "Net-(J201-Pad3)")
  (net 28 1-Wire)
  (net 29 "Net-(JP101-Pad2)")
  (net 30 "Net-(JP102-Pad2)")
  (net 31 RX)
  (net 32 "Net-(R203-Pad2)")
  (net 33 "Net-(U102-Pad12)")
  (net 34 /D9)
  (net 35 /D10)
  (net 36 "Net-(U102-Pad19)")
  (net 37 "Net-(U102-Pad22)")
  (net 38 TX)
  (net 39 "Net-(U102-Pad25)")
  (net 40 "Net-(U102-Pad26)")
  (net 41 "Net-(U102-Pad27)")
  (net 42 "Net-(U102-Pad28)")
  (net 43 "Net-(U103-Pad7)")
  (net 44 "Net-(U103-Pad11)")
  (net 45 "Net-(U103-Pad12)")
  (net 46 "Net-(U103-Pad15)")
  (net 47 "Net-(U103-Pad16)")
  (net 48 "Net-(U201-Pad3)")
  (net 49 "Net-(U201-Pad6)")
  (net 50 "Net-(U201-Pad9)")
  (net 51 "Net-(U201-Pad10)")
  (net 52 "Net-(U201-Pad11)")
  (net 53 "Net-(U201-Pad12)")
  (net 54 "Net-(U201-Pad13)")
  (net 55 "Net-(U201-Pad14)")
  (net 56 "Net-(U201-Pad19)")
  (net 57 "Net-(U201-Pad26)")
  (net 58 "Net-(U201-Pad27)")
  (net 59 "Net-(U201-Pad28)")
  (net 60 "Net-(D105-Pad1)")
  (net 61 "Net-(U102-Pad23)")
  (net 62 "Net-(U102-Pad24)")
  (net 63 "Net-(U102-Pad32)")
  (net 64 "Net-(U103-Pad2)")
  (net 65 "Net-(U103-Pad3)")
  (net 66 "Net-(U103-Pad5)")
  (net 67 "Net-(U103-Pad6)")
  (net 68 "Net-(U103-Pad14)")
  (net 69 "Net-(U104-Pad21)")
  (net 70 "Net-(U104-Pad12)")
  (net 71 "Net-(U104-Pad13)")
  (net 72 "Net-(U104-Pad9)")
  (net 73 "Net-(U104-Pad8)")
  (net 74 "Net-(U103-Pad4)")

  (net_class Default "This is the default net class."
    (clearance 0.2)
    (trace_width 0.25)
    (via_dia 0.8)
    (via_drill 0.4)
    (uvia_dia 0.3)
    (uvia_drill 0.1)
    (add_net /D10)
    (add_net /D9)
    (add_net /MISO_D12)
    (add_net /MOSI_D11)
    (add_net /SCK_D13)
    (add_net 1-Wire)
    (add_net 3V3)
    (add_net 5V)
    (add_net DTR)
    (add_net GND)
    (add_net "Net-(C107-Pad2)")
    (add_net "Net-(C108-Pad2)")
    (add_net "Net-(C203-Pad2)")
    (add_net "Net-(D101-Pad1)")
    (add_net "Net-(D101-Pad2)")
    (add_net "Net-(D102-Pad1)")
    (add_net "Net-(D102-Pad2)")
    (add_net "Net-(D103-Pad1)")
    (add_net "Net-(D103-Pad2)")
    (add_net "Net-(D104-Pad1)")
    (add_net "Net-(D104-Pad2)")
    (add_net "Net-(D105-Pad1)")
    (add_net "Net-(D201-Pad2)")
    (add_net "Net-(D202-Pad2)")
    (add_net "Net-(D203-Pad1)")
    (add_net "Net-(D203-Pad2)")
    (add_net "Net-(D204-Pad1)")
    (add_net "Net-(D204-Pad2)")
    (add_net "Net-(J103-Pad1)")
    (add_net "Net-(J201-Pad2)")
    (add_net "Net-(J201-Pad3)")
    (add_net "Net-(JP101-Pad2)")
    (add_net "Net-(JP102-Pad2)")
    (add_net "Net-(R203-Pad2)")
    (add_net "Net-(U102-Pad12)")
    (add_net "Net-(U102-Pad19)")
    (add_net "Net-(U102-Pad22)")
    (add_net "Net-(U102-Pad23)")
    (add_net "Net-(U102-Pad24)")
    (add_net "Net-(U102-Pad25)")
    (add_net "Net-(U102-Pad26)")
    (add_net "Net-(U102-Pad27)")
    (add_net "Net-(U102-Pad28)")
    (add_net "Net-(U102-Pad32)")
    (add_net "Net-(U103-Pad11)")
    (add_net "Net-(U103-Pad12)")
    (add_net "Net-(U103-Pad14)")
    (add_net "Net-(U103-Pad15)")
    (add_net "Net-(U103-Pad16)")
    (add_net "Net-(U103-Pad2)")
    (add_net "Net-(U103-Pad3)")
    (add_net "Net-(U103-Pad4)")
    (add_net "Net-(U103-Pad5)")
    (add_net "Net-(U103-Pad6)")
    (add_net "Net-(U103-Pad7)")
    (add_net "Net-(U104-Pad12)")
    (add_net "Net-(U104-Pad13)")
    (add_net "Net-(U104-Pad21)")
    (add_net "Net-(U104-Pad8)")
    (add_net "Net-(U104-Pad9)")
    (add_net "Net-(U201-Pad10)")
    (add_net "Net-(U201-Pad11)")
    (add_net "Net-(U201-Pad12)")
    (add_net "Net-(U201-Pad13)")
    (add_net "Net-(U201-Pad14)")
    (add_net "Net-(U201-Pad19)")
    (add_net "Net-(U201-Pad26)")
    (add_net "Net-(U201-Pad27)")
    (add_net "Net-(U201-Pad28)")
    (add_net "Net-(U201-Pad3)")
    (add_net "Net-(U201-Pad6)")
    (add_net "Net-(U201-Pad9)")
    (add_net RX)
    (add_net TX)
  )

  (module Package_DFN_QFN:WQFN-20-1EP_2.5x4.5mm_P0.5mm_EP1x2.9mm (layer B.Cu) (tedit 5ACD80C7) (tstamp 6036B3D8)
    (at 122.5 58 90)
    (descr http://www.onsemi.com/pub/Collateral/510CD.PDF)
    (tags "WQFN-20 4.5mm 2.5mm 0.5mm")
    (path /60399B14)
    (attr smd)
    (fp_text reference U104 (at 0 4 90) (layer B.SilkS)
      (effects (font (size 1 1) (thickness 0.15)) (justify mirror))
    )
    (fp_text value FXMA108 (at 0 -4 90) (layer B.Fab)
      (effects (font (size 1 1) (thickness 0.15)) (justify mirror))
    )
    (fp_line (start -1.25 1.625) (end -1.25 -2.25) (layer B.Fab) (width 0.1))
    (fp_line (start 1.25 2.25) (end 1.25 -2.25) (layer B.Fab) (width 0.1))
    (fp_line (start 1.25 2.25) (end -0.625 2.25) (layer B.Fab) (width 0.1))
    (fp_line (start -1.25 -2.25) (end 1.25 -2.25) (layer B.Fab) (width 0.1))
    (fp_line (start -1.25 1.625) (end -0.625 2.25) (layer B.Fab) (width 0.1))
    (fp_line (start -2 3) (end -2 -3) (layer B.CrtYd) (width 0.05))
    (fp_line (start 2 3) (end 2 -3) (layer B.CrtYd) (width 0.05))
    (fp_line (start -2 3) (end 2 3) (layer B.CrtYd) (width 0.05))
    (fp_line (start -2 -3) (end 2 -3) (layer B.CrtYd) (width 0.05))
    (fp_line (start 0.6 2.35) (end 1.35 2.35) (layer B.SilkS) (width 0.12))
    (fp_line (start 1.35 2.35) (end 1.35 2.1) (layer B.SilkS) (width 0.12))
    (fp_line (start -1.35 2.35) (end -1.35 2.1) (layer B.SilkS) (width 0.12))
    (fp_line (start 0.6 -2.35) (end 1.35 -2.35) (layer B.SilkS) (width 0.12))
    (fp_line (start 1.35 -2.35) (end 1.35 -2.1) (layer B.SilkS) (width 0.12))
    (fp_line (start -0.6 -2.35) (end -1.35 -2.35) (layer B.SilkS) (width 0.12))
    (fp_line (start -1.35 -2.35) (end -1.35 -2.1) (layer B.SilkS) (width 0.12))
    (fp_text user %R (at 0 0 90) (layer B.Fab)
      (effects (font (size 0.4 0.4) (thickness 0.06)) (justify mirror))
    )
    (pad "" smd rect (at 0 0.95 180) (size 0.8 0.8) (layers B.Paste))
    (pad "" smd rect (at 0 -0.95 180) (size 0.8 0.8) (layers B.Paste))
    (pad "" smd rect (at 0 0 180) (size 0.8 0.8) (layers B.Paste))
    (pad 21 smd rect (at 0 0 180) (size 2.9 1) (layers B.Cu B.Mask)
      (net 69 "Net-(U104-Pad21)"))
    (pad 12 smd rect (at 1.3 -1.75 90) (size 0.9 0.24) (layers B.Cu B.Paste B.Mask)
      (net 70 "Net-(U104-Pad12)"))
    (pad 13 smd rect (at 1.3 -1.25 90) (size 0.9 0.24) (layers B.Cu B.Paste B.Mask)
      (net 71 "Net-(U104-Pad13)"))
    (pad 14 smd rect (at 1.3 -0.75 90) (size 0.9 0.24) (layers B.Cu B.Paste B.Mask)
      (net 74 "Net-(U103-Pad4)"))
    (pad 15 smd rect (at 1.3 -0.25 90) (size 0.9 0.24) (layers B.Cu B.Paste B.Mask)
      (net 67 "Net-(U103-Pad6)"))
    (pad 16 smd rect (at 1.3 0.25 90) (size 0.9 0.24) (layers B.Cu B.Paste B.Mask)
      (net 66 "Net-(U103-Pad5)"))
    (pad 17 smd rect (at 1.3 0.75 90) (size 0.9 0.24) (layers B.Cu B.Paste B.Mask)
      (net 65 "Net-(U103-Pad3)"))
    (pad 18 smd rect (at 1.3 1.25 90) (size 0.9 0.24) (layers B.Cu B.Paste B.Mask)
      (net 64 "Net-(U103-Pad2)"))
    (pad 19 smd rect (at 1.3 1.75 90) (size 0.9 0.24) (layers B.Cu B.Paste B.Mask)
      (net 68 "Net-(U103-Pad14)"))
    (pad 9 smd rect (at -1.3 -1.75 90) (size 0.9 0.24) (layers B.Cu B.Paste B.Mask)
      (net 72 "Net-(U104-Pad9)"))
    (pad 8 smd rect (at -1.3 -1.25 90) (size 0.9 0.24) (layers B.Cu B.Paste B.Mask)
      (net 73 "Net-(U104-Pad8)"))
    (pad 7 smd rect (at -1.3 -0.75 90) (size 0.9 0.24) (layers B.Cu B.Paste B.Mask)
      (net 23 /SCK_D13))
    (pad 6 smd rect (at -1.3 -0.25 90) (size 0.9 0.24) (layers B.Cu B.Paste B.Mask)
      (net 34 /D9))
    (pad 5 smd rect (at -1.3 0.25 90) (size 0.9 0.24) (layers B.Cu B.Paste B.Mask)
      (net 35 /D10))
    (pad 4 smd rect (at -1.3 0.75 90) (size 0.9 0.24) (layers B.Cu B.Paste B.Mask)
      (net 30 "Net-(JP102-Pad2)"))
    (pad 3 smd rect (at -1.3 1.25 90) (size 0.9 0.24) (layers B.Cu B.Paste B.Mask)
      (net 29 "Net-(JP101-Pad2)"))
    (pad 2 smd rect (at -1.3 1.75 90) (size 0.9 0.24) (layers B.Cu B.Paste B.Mask)
      (net 63 "Net-(U102-Pad32)"))
    (pad 11 smd rect (at 0.25 -2.3 180) (size 0.9 0.24) (layers B.Cu B.Paste B.Mask)
      (net 2 GND))
    (pad 10 smd rect (at -0.25 -2.3 180) (size 0.9 0.24) (layers B.Cu B.Paste B.Mask)
      (net 2 GND))
    (pad 20 smd rect (at 0.25 2.3 180) (size 0.9 0.24) (layers B.Cu B.Paste B.Mask)
      (net 3 3V3))
    (pad 1 smd rect (at -0.25 2.3 180) (size 0.9 0.24) (layers B.Cu B.Paste B.Mask)
      (net 1 5V))
    (model ${KISYS3DMOD}/Package_DFN_QFN.3dshapes/WQFN-20-1EP_2.5x4.5mm_P0.5mm_EP1x2.9mm.wrl
      (at (xyz 0 0 0))
      (scale (xyz 1 1 1))
      (rotate (xyz 0 0 0))
    )
  )

  (module Resistor_SMD:R_0805_2012Metric (layer B.Cu) (tedit 5B36C52B) (tstamp 6036B249)
    (at 105 56.75)
    (descr "Resistor SMD 0805 (2012 Metric), square (rectangular) end terminal, IPC_7351 nominal, (Body size source: https://docs.google.com/spreadsheets/d/1BsfQQcO9C6DZCsRaXUlFlo91Tg2WpOkGARC1WS5S8t0/edit?usp=sharing), generated with kicad-footprint-generator")
    (tags resistor)
    (path /60082C21/60372200)
    (attr smd)
    (fp_text reference R201 (at 0 1.65) (layer B.SilkS)
      (effects (font (size 1 1) (thickness 0.15)) (justify mirror))
    )
    (fp_text value 10K (at 0 -1.65) (layer B.Fab)
      (effects (font (size 1 1) (thickness 0.15)) (justify mirror))
    )
    (fp_line (start -1 -0.6) (end -1 0.6) (layer B.Fab) (width 0.1))
    (fp_line (start -1 0.6) (end 1 0.6) (layer B.Fab) (width 0.1))
    (fp_line (start 1 0.6) (end 1 -0.6) (layer B.Fab) (width 0.1))
    (fp_line (start 1 -0.6) (end -1 -0.6) (layer B.Fab) (width 0.1))
    (fp_line (start -0.258578 0.71) (end 0.258578 0.71) (layer B.SilkS) (width 0.12))
    (fp_line (start -0.258578 -0.71) (end 0.258578 -0.71) (layer B.SilkS) (width 0.12))
    (fp_line (start -1.68 -0.95) (end -1.68 0.95) (layer B.CrtYd) (width 0.05))
    (fp_line (start -1.68 0.95) (end 1.68 0.95) (layer B.CrtYd) (width 0.05))
    (fp_line (start 1.68 0.95) (end 1.68 -0.95) (layer B.CrtYd) (width 0.05))
    (fp_line (start 1.68 -0.95) (end -1.68 -0.95) (layer B.CrtYd) (width 0.05))
    (fp_text user %R (at 0 0) (layer B.Fab)
      (effects (font (size 0.5 0.5) (thickness 0.08)) (justify mirror))
    )
    (pad 2 smd roundrect (at 0.9375 0) (size 0.975 1.4) (layers B.Cu B.Paste B.Mask) (roundrect_rratio 0.25)
      (net 7 DTR))
    (pad 1 smd roundrect (at -0.9375 0) (size 0.975 1.4) (layers B.Cu B.Paste B.Mask) (roundrect_rratio 0.25)
      (net 1 5V))
    (model ${KISYS3DMOD}/Resistor_SMD.3dshapes/R_0805_2012Metric.wrl
      (at (xyz 0 0 0))
      (scale (xyz 1 1 1))
      (rotate (xyz 0 0 0))
    )
  )

  (module Capacitor_SMD:C_0805_2012Metric (layer B.Cu) (tedit 5F68FEEE) (tstamp 600B90B4)
    (at 133.35 63.5 270)
    (descr "Capacitor SMD 0805 (2012 Metric), square (rectangular) end terminal, IPC_7351 nominal, (Body size source: IPC-SM-782 page 76, https://www.pcb-3d.com/wordpress/wp-content/uploads/ipc-sm-782a_amendment_1_and_2.pdf, https://docs.google.com/spreadsheets/d/1BsfQQcO9C6DZCsRaXUlFlo91Tg2WpOkGARC1WS5S8t0/edit?usp=sharing), generated with kicad-footprint-generator")
    (tags capacitor)
    (path /6007DD40)
    (attr smd)
    (fp_text reference C101 (at 0 1.6 90) (layer B.SilkS)
      (effects (font (size 1 1) (thickness 0.15)) (justify mirror))
    )
    (fp_text value 0.1 (at 0 -1.68 90) (layer B.Fab)
      (effects (font (size 1 1) (thickness 0.15)) (justify mirror))
    )
    (fp_line (start -1 -0.625) (end -1 0.625) (layer B.Fab) (width 0.1))
    (fp_line (start -1 0.625) (end 1 0.625) (layer B.Fab) (width 0.1))
    (fp_line (start 1 0.625) (end 1 -0.625) (layer B.Fab) (width 0.1))
    (fp_line (start 1 -0.625) (end -1 -0.625) (layer B.Fab) (width 0.1))
    (fp_line (start -0.261252 0.735) (end 0.261252 0.735) (layer B.SilkS) (width 0.12))
    (fp_line (start -0.261252 -0.735) (end 0.261252 -0.735) (layer B.SilkS) (width 0.12))
    (fp_line (start -1.7 -0.98) (end -1.7 0.98) (layer B.CrtYd) (width 0.05))
    (fp_line (start -1.7 0.98) (end 1.7 0.98) (layer B.CrtYd) (width 0.05))
    (fp_line (start 1.7 0.98) (end 1.7 -0.98) (layer B.CrtYd) (width 0.05))
    (fp_line (start 1.7 -0.98) (end -1.7 -0.98) (layer B.CrtYd) (width 0.05))
    (fp_text user %R (at 0 0 90) (layer B.Fab)
      (effects (font (size 0.5 0.5) (thickness 0.08)) (justify mirror))
    )
    (pad 1 smd roundrect (at -0.95 0 270) (size 1 1.45) (layers B.Cu B.Paste B.Mask) (roundrect_rratio 0.25)
      (net 1 5V))
    (pad 2 smd roundrect (at 0.95 0 270) (size 1 1.45) (layers B.Cu B.Paste B.Mask) (roundrect_rratio 0.25)
      (net 2 GND))
    (model ${KISYS3DMOD}/Capacitor_SMD.3dshapes/C_0805_2012Metric.wrl
      (at (xyz 0 0 0))
      (scale (xyz 1 1 1))
      (rotate (xyz 0 0 0))
    )
  )

  (module Capacitor_SMD:C_0805_2012Metric (layer F.Cu) (tedit 5F68FEEE) (tstamp 600B90C5)
    (at 113.03 63.5 90)
    (descr "Capacitor SMD 0805 (2012 Metric), square (rectangular) end terminal, IPC_7351 nominal, (Body size source: IPC-SM-782 page 76, https://www.pcb-3d.com/wordpress/wp-content/uploads/ipc-sm-782a_amendment_1_and_2.pdf, https://docs.google.com/spreadsheets/d/1BsfQQcO9C6DZCsRaXUlFlo91Tg2WpOkGARC1WS5S8t0/edit?usp=sharing), generated with kicad-footprint-generator")
    (tags capacitor)
    (path /60076887)
    (attr smd)
    (fp_text reference C102 (at -0.25 1.72 270) (layer F.SilkS)
      (effects (font (size 1 1) (thickness 0.15)))
    )
    (fp_text value 0.1 (at 0 1.68 90) (layer F.Fab)
      (effects (font (size 1 1) (thickness 0.15)))
    )
    (fp_line (start 1.7 0.98) (end -1.7 0.98) (layer F.CrtYd) (width 0.05))
    (fp_line (start 1.7 -0.98) (end 1.7 0.98) (layer F.CrtYd) (width 0.05))
    (fp_line (start -1.7 -0.98) (end 1.7 -0.98) (layer F.CrtYd) (width 0.05))
    (fp_line (start -1.7 0.98) (end -1.7 -0.98) (layer F.CrtYd) (width 0.05))
    (fp_line (start -0.261252 0.735) (end 0.261252 0.735) (layer F.SilkS) (width 0.12))
    (fp_line (start -0.261252 -0.735) (end 0.261252 -0.735) (layer F.SilkS) (width 0.12))
    (fp_line (start 1 0.625) (end -1 0.625) (layer F.Fab) (width 0.1))
    (fp_line (start 1 -0.625) (end 1 0.625) (layer F.Fab) (width 0.1))
    (fp_line (start -1 -0.625) (end 1 -0.625) (layer F.Fab) (width 0.1))
    (fp_line (start -1 0.625) (end -1 -0.625) (layer F.Fab) (width 0.1))
    (fp_text user %R (at 0 0 90) (layer F.Fab)
      (effects (font (size 0.5 0.5) (thickness 0.08)))
    )
    (pad 2 smd roundrect (at 0.95 0 90) (size 1 1.45) (layers F.Cu F.Paste F.Mask) (roundrect_rratio 0.25)
      (net 2 GND))
    (pad 1 smd roundrect (at -0.95 0 90) (size 1 1.45) (layers F.Cu F.Paste F.Mask) (roundrect_rratio 0.25)
      (net 1 5V))
    (model ${KISYS3DMOD}/Capacitor_SMD.3dshapes/C_0805_2012Metric.wrl
      (at (xyz 0 0 0))
      (scale (xyz 1 1 1))
      (rotate (xyz 0 0 0))
    )
  )

  (module Capacitor_SMD:C_0805_2012Metric (layer B.Cu) (tedit 5F68FEEE) (tstamp 600B90D6)
    (at 129.54 59.69)
    (descr "Capacitor SMD 0805 (2012 Metric), square (rectangular) end terminal, IPC_7351 nominal, (Body size source: IPC-SM-782 page 76, https://www.pcb-3d.com/wordpress/wp-content/uploads/ipc-sm-782a_amendment_1_and_2.pdf, https://docs.google.com/spreadsheets/d/1BsfQQcO9C6DZCsRaXUlFlo91Tg2WpOkGARC1WS5S8t0/edit?usp=sharing), generated with kicad-footprint-generator")
    (tags capacitor)
    (path /6007714F)
    (attr smd)
    (fp_text reference C103 (at -3.79 0.06) (layer B.SilkS)
      (effects (font (size 1 1) (thickness 0.15)) (justify mirror))
    )
    (fp_text value 0.1 (at 0 -1.68) (layer B.Fab)
      (effects (font (size 1 1) (thickness 0.15)) (justify mirror))
    )
    (fp_line (start -1 -0.625) (end -1 0.625) (layer B.Fab) (width 0.1))
    (fp_line (start -1 0.625) (end 1 0.625) (layer B.Fab) (width 0.1))
    (fp_line (start 1 0.625) (end 1 -0.625) (layer B.Fab) (width 0.1))
    (fp_line (start 1 -0.625) (end -1 -0.625) (layer B.Fab) (width 0.1))
    (fp_line (start -0.261252 0.735) (end 0.261252 0.735) (layer B.SilkS) (width 0.12))
    (fp_line (start -0.261252 -0.735) (end 0.261252 -0.735) (layer B.SilkS) (width 0.12))
    (fp_line (start -1.7 -0.98) (end -1.7 0.98) (layer B.CrtYd) (width 0.05))
    (fp_line (start -1.7 0.98) (end 1.7 0.98) (layer B.CrtYd) (width 0.05))
    (fp_line (start 1.7 0.98) (end 1.7 -0.98) (layer B.CrtYd) (width 0.05))
    (fp_line (start 1.7 -0.98) (end -1.7 -0.98) (layer B.CrtYd) (width 0.05))
    (fp_text user %R (at 0 0) (layer B.Fab)
      (effects (font (size 0.5 0.5) (thickness 0.08)) (justify mirror))
    )
    (pad 1 smd roundrect (at -0.95 0) (size 1 1.45) (layers B.Cu B.Paste B.Mask) (roundrect_rratio 0.25)
      (net 1 5V))
    (pad 2 smd roundrect (at 0.95 0) (size 1 1.45) (layers B.Cu B.Paste B.Mask) (roundrect_rratio 0.25)
      (net 2 GND))
    (model ${KISYS3DMOD}/Capacitor_SMD.3dshapes/C_0805_2012Metric.wrl
      (at (xyz 0 0 0))
      (scale (xyz 1 1 1))
      (rotate (xyz 0 0 0))
    )
  )

  (module Capacitor_SMD:C_0805_2012Metric (layer B.Cu) (tedit 5F68FEEE) (tstamp 600B90E7)
    (at 129.54 62.23)
    (descr "Capacitor SMD 0805 (2012 Metric), square (rectangular) end terminal, IPC_7351 nominal, (Body size source: IPC-SM-782 page 76, https://www.pcb-3d.com/wordpress/wp-content/uploads/ipc-sm-782a_amendment_1_and_2.pdf, https://docs.google.com/spreadsheets/d/1BsfQQcO9C6DZCsRaXUlFlo91Tg2WpOkGARC1WS5S8t0/edit?usp=sharing), generated with kicad-footprint-generator")
    (tags capacitor)
    (path /6007F0C1)
    (attr smd)
    (fp_text reference C104 (at -3.79 0.02) (layer B.SilkS)
      (effects (font (size 1 1) (thickness 0.15)) (justify mirror))
    )
    (fp_text value 10 (at 0 -1.68) (layer B.Fab)
      (effects (font (size 1 1) (thickness 0.15)) (justify mirror))
    )
    (fp_line (start -1 -0.625) (end -1 0.625) (layer B.Fab) (width 0.1))
    (fp_line (start -1 0.625) (end 1 0.625) (layer B.Fab) (width 0.1))
    (fp_line (start 1 0.625) (end 1 -0.625) (layer B.Fab) (width 0.1))
    (fp_line (start 1 -0.625) (end -1 -0.625) (layer B.Fab) (width 0.1))
    (fp_line (start -0.261252 0.735) (end 0.261252 0.735) (layer B.SilkS) (width 0.12))
    (fp_line (start -0.261252 -0.735) (end 0.261252 -0.735) (layer B.SilkS) (width 0.12))
    (fp_line (start -1.7 -0.98) (end -1.7 0.98) (layer B.CrtYd) (width 0.05))
    (fp_line (start -1.7 0.98) (end 1.7 0.98) (layer B.CrtYd) (width 0.05))
    (fp_line (start 1.7 0.98) (end 1.7 -0.98) (layer B.CrtYd) (width 0.05))
    (fp_line (start 1.7 -0.98) (end -1.7 -0.98) (layer B.CrtYd) (width 0.05))
    (fp_text user %R (at 0 0) (layer B.Fab)
      (effects (font (size 0.5 0.5) (thickness 0.08)) (justify mirror))
    )
    (pad 1 smd roundrect (at -0.95 0) (size 1 1.45) (layers B.Cu B.Paste B.Mask) (roundrect_rratio 0.25)
      (net 3 3V3))
    (pad 2 smd roundrect (at 0.95 0) (size 1 1.45) (layers B.Cu B.Paste B.Mask) (roundrect_rratio 0.25)
      (net 2 GND))
    (model ${KISYS3DMOD}/Capacitor_SMD.3dshapes/C_0805_2012Metric.wrl
      (at (xyz 0 0 0))
      (scale (xyz 1 1 1))
      (rotate (xyz 0 0 0))
    )
  )

  (module Capacitor_SMD:C_0805_2012Metric (layer B.Cu) (tedit 5F68FEEE) (tstamp 600B90F8)
    (at 113.03 64.77)
    (descr "Capacitor SMD 0805 (2012 Metric), square (rectangular) end terminal, IPC_7351 nominal, (Body size source: IPC-SM-782 page 76, https://www.pcb-3d.com/wordpress/wp-content/uploads/ipc-sm-782a_amendment_1_and_2.pdf, https://docs.google.com/spreadsheets/d/1BsfQQcO9C6DZCsRaXUlFlo91Tg2WpOkGARC1WS5S8t0/edit?usp=sharing), generated with kicad-footprint-generator")
    (tags capacitor)
    (path /60077E60)
    (attr smd)
    (fp_text reference C105 (at 0 1.68) (layer B.SilkS)
      (effects (font (size 1 1) (thickness 0.15)) (justify mirror))
    )
    (fp_text value 0.1 (at 0 -1.68) (layer B.Fab)
      (effects (font (size 1 1) (thickness 0.15)) (justify mirror))
    )
    (fp_line (start 1.7 -0.98) (end -1.7 -0.98) (layer B.CrtYd) (width 0.05))
    (fp_line (start 1.7 0.98) (end 1.7 -0.98) (layer B.CrtYd) (width 0.05))
    (fp_line (start -1.7 0.98) (end 1.7 0.98) (layer B.CrtYd) (width 0.05))
    (fp_line (start -1.7 -0.98) (end -1.7 0.98) (layer B.CrtYd) (width 0.05))
    (fp_line (start -0.261252 -0.735) (end 0.261252 -0.735) (layer B.SilkS) (width 0.12))
    (fp_line (start -0.261252 0.735) (end 0.261252 0.735) (layer B.SilkS) (width 0.12))
    (fp_line (start 1 -0.625) (end -1 -0.625) (layer B.Fab) (width 0.1))
    (fp_line (start 1 0.625) (end 1 -0.625) (layer B.Fab) (width 0.1))
    (fp_line (start -1 0.625) (end 1 0.625) (layer B.Fab) (width 0.1))
    (fp_line (start -1 -0.625) (end -1 0.625) (layer B.Fab) (width 0.1))
    (fp_text user %R (at 0 0) (layer B.Fab)
      (effects (font (size 0.5 0.5) (thickness 0.08)) (justify mirror))
    )
    (pad 2 smd roundrect (at 0.95 0) (size 1 1.45) (layers B.Cu B.Paste B.Mask) (roundrect_rratio 0.25)
      (net 2 GND))
    (pad 1 smd roundrect (at -0.95 0) (size 1 1.45) (layers B.Cu B.Paste B.Mask) (roundrect_rratio 0.25)
      (net 1 5V))
    (model ${KISYS3DMOD}/Capacitor_SMD.3dshapes/C_0805_2012Metric.wrl
      (at (xyz 0 0 0))
      (scale (xyz 1 1 1))
      (rotate (xyz 0 0 0))
    )
  )

  (module Capacitor_SMD:C_0805_2012Metric (layer F.Cu) (tedit 5F68FEEE) (tstamp 600B9109)
    (at 124.71 49.72 270)
    (descr "Capacitor SMD 0805 (2012 Metric), square (rectangular) end terminal, IPC_7351 nominal, (Body size source: IPC-SM-782 page 76, https://www.pcb-3d.com/wordpress/wp-content/uploads/ipc-sm-782a_amendment_1_and_2.pdf, https://docs.google.com/spreadsheets/d/1BsfQQcO9C6DZCsRaXUlFlo91Tg2WpOkGARC1WS5S8t0/edit?usp=sharing), generated with kicad-footprint-generator")
    (tags capacitor)
    (path /6007F864)
    (attr smd)
    (fp_text reference C106 (at 0.03 1.71 90) (layer F.SilkS)
      (effects (font (size 1 1) (thickness 0.15)))
    )
    (fp_text value 0.1 (at 0 1.68 90) (layer F.Fab)
      (effects (font (size 1 1) (thickness 0.15)))
    )
    (fp_line (start -1 0.625) (end -1 -0.625) (layer F.Fab) (width 0.1))
    (fp_line (start -1 -0.625) (end 1 -0.625) (layer F.Fab) (width 0.1))
    (fp_line (start 1 -0.625) (end 1 0.625) (layer F.Fab) (width 0.1))
    (fp_line (start 1 0.625) (end -1 0.625) (layer F.Fab) (width 0.1))
    (fp_line (start -0.261252 -0.735) (end 0.261252 -0.735) (layer F.SilkS) (width 0.12))
    (fp_line (start -0.261252 0.735) (end 0.261252 0.735) (layer F.SilkS) (width 0.12))
    (fp_line (start -1.7 0.98) (end -1.7 -0.98) (layer F.CrtYd) (width 0.05))
    (fp_line (start -1.7 -0.98) (end 1.7 -0.98) (layer F.CrtYd) (width 0.05))
    (fp_line (start 1.7 -0.98) (end 1.7 0.98) (layer F.CrtYd) (width 0.05))
    (fp_line (start 1.7 0.98) (end -1.7 0.98) (layer F.CrtYd) (width 0.05))
    (fp_text user %R (at 0 0 90) (layer F.Fab)
      (effects (font (size 0.5 0.5) (thickness 0.08)))
    )
    (pad 1 smd roundrect (at -0.95 0 270) (size 1 1.45) (layers F.Cu F.Paste F.Mask) (roundrect_rratio 0.25)
      (net 3 3V3))
    (pad 2 smd roundrect (at 0.95 0 270) (size 1 1.45) (layers F.Cu F.Paste F.Mask) (roundrect_rratio 0.25)
      (net 2 GND))
    (model ${KISYS3DMOD}/Capacitor_SMD.3dshapes/C_0805_2012Metric.wrl
      (at (xyz 0 0 0))
      (scale (xyz 1 1 1))
      (rotate (xyz 0 0 0))
    )
  )

  (module Capacitor_SMD:C_0805_2012Metric (layer F.Cu) (tedit 5F68FEEE) (tstamp 600B911A)
    (at 110.49 63.5 270)
    (descr "Capacitor SMD 0805 (2012 Metric), square (rectangular) end terminal, IPC_7351 nominal, (Body size source: IPC-SM-782 page 76, https://www.pcb-3d.com/wordpress/wp-content/uploads/ipc-sm-782a_amendment_1_and_2.pdf, https://docs.google.com/spreadsheets/d/1BsfQQcO9C6DZCsRaXUlFlo91Tg2WpOkGARC1WS5S8t0/edit?usp=sharing), generated with kicad-footprint-generator")
    (tags capacitor)
    (path /600C5F44)
    (attr smd)
    (fp_text reference C107 (at -2.5 -2.01 180) (layer F.SilkS)
      (effects (font (size 1 1) (thickness 0.15)))
    )
    (fp_text value 20p (at 0 1.68 90) (layer F.Fab)
      (effects (font (size 1 1) (thickness 0.15)))
    )
    (fp_line (start 1.7 0.98) (end -1.7 0.98) (layer F.CrtYd) (width 0.05))
    (fp_line (start 1.7 -0.98) (end 1.7 0.98) (layer F.CrtYd) (width 0.05))
    (fp_line (start -1.7 -0.98) (end 1.7 -0.98) (layer F.CrtYd) (width 0.05))
    (fp_line (start -1.7 0.98) (end -1.7 -0.98) (layer F.CrtYd) (width 0.05))
    (fp_line (start -0.261252 0.735) (end 0.261252 0.735) (layer F.SilkS) (width 0.12))
    (fp_line (start -0.261252 -0.735) (end 0.261252 -0.735) (layer F.SilkS) (width 0.12))
    (fp_line (start 1 0.625) (end -1 0.625) (layer F.Fab) (width 0.1))
    (fp_line (start 1 -0.625) (end 1 0.625) (layer F.Fab) (width 0.1))
    (fp_line (start -1 -0.625) (end 1 -0.625) (layer F.Fab) (width 0.1))
    (fp_line (start -1 0.625) (end -1 -0.625) (layer F.Fab) (width 0.1))
    (fp_text user %R (at 0 0 90) (layer F.Fab)
      (effects (font (size 0.5 0.5) (thickness 0.08)))
    )
    (pad 2 smd roundrect (at 0.95 0 270) (size 1 1.45) (layers F.Cu F.Paste F.Mask) (roundrect_rratio 0.25)
      (net 4 "Net-(C107-Pad2)"))
    (pad 1 smd roundrect (at -0.95 0 270) (size 1 1.45) (layers F.Cu F.Paste F.Mask) (roundrect_rratio 0.25)
      (net 2 GND))
    (model ${KISYS3DMOD}/Capacitor_SMD.3dshapes/C_0805_2012Metric.wrl
      (at (xyz 0 0 0))
      (scale (xyz 1 1 1))
      (rotate (xyz 0 0 0))
    )
  )

  (module Capacitor_SMD:C_0805_2012Metric (layer F.Cu) (tedit 5F68FEEE) (tstamp 600B912B)
    (at 110.49 73.66 90)
    (descr "Capacitor SMD 0805 (2012 Metric), square (rectangular) end terminal, IPC_7351 nominal, (Body size source: IPC-SM-782 page 76, https://www.pcb-3d.com/wordpress/wp-content/uploads/ipc-sm-782a_amendment_1_and_2.pdf, https://docs.google.com/spreadsheets/d/1BsfQQcO9C6DZCsRaXUlFlo91Tg2WpOkGARC1WS5S8t0/edit?usp=sharing), generated with kicad-footprint-generator")
    (tags capacitor)
    (path /600C6272)
    (attr smd)
    (fp_text reference C108 (at 2.41 0.76 180) (layer F.SilkS)
      (effects (font (size 1 1) (thickness 0.15)))
    )
    (fp_text value 20p (at 0 1.68 90) (layer F.Fab)
      (effects (font (size 1 1) (thickness 0.15)))
    )
    (fp_line (start -1 0.625) (end -1 -0.625) (layer F.Fab) (width 0.1))
    (fp_line (start -1 -0.625) (end 1 -0.625) (layer F.Fab) (width 0.1))
    (fp_line (start 1 -0.625) (end 1 0.625) (layer F.Fab) (width 0.1))
    (fp_line (start 1 0.625) (end -1 0.625) (layer F.Fab) (width 0.1))
    (fp_line (start -0.261252 -0.735) (end 0.261252 -0.735) (layer F.SilkS) (width 0.12))
    (fp_line (start -0.261252 0.735) (end 0.261252 0.735) (layer F.SilkS) (width 0.12))
    (fp_line (start -1.7 0.98) (end -1.7 -0.98) (layer F.CrtYd) (width 0.05))
    (fp_line (start -1.7 -0.98) (end 1.7 -0.98) (layer F.CrtYd) (width 0.05))
    (fp_line (start 1.7 -0.98) (end 1.7 0.98) (layer F.CrtYd) (width 0.05))
    (fp_line (start 1.7 0.98) (end -1.7 0.98) (layer F.CrtYd) (width 0.05))
    (fp_text user %R (at 0 0 90) (layer F.Fab)
      (effects (font (size 0.5 0.5) (thickness 0.08)))
    )
    (pad 1 smd roundrect (at -0.95 0 90) (size 1 1.45) (layers F.Cu F.Paste F.Mask) (roundrect_rratio 0.25)
      (net 2 GND))
    (pad 2 smd roundrect (at 0.95 0 90) (size 1 1.45) (layers F.Cu F.Paste F.Mask) (roundrect_rratio 0.25)
      (net 5 "Net-(C108-Pad2)"))
    (model ${KISYS3DMOD}/Capacitor_SMD.3dshapes/C_0805_2012Metric.wrl
      (at (xyz 0 0 0))
      (scale (xyz 1 1 1))
      (rotate (xyz 0 0 0))
    )
  )

  (module Capacitor_SMD:C_0805_2012Metric (layer B.Cu) (tedit 5F68FEEE) (tstamp 600B913C)
    (at 129.45 64.5)
    (descr "Capacitor SMD 0805 (2012 Metric), square (rectangular) end terminal, IPC_7351 nominal, (Body size source: IPC-SM-782 page 76, https://www.pcb-3d.com/wordpress/wp-content/uploads/ipc-sm-782a_amendment_1_and_2.pdf, https://docs.google.com/spreadsheets/d/1BsfQQcO9C6DZCsRaXUlFlo91Tg2WpOkGARC1WS5S8t0/edit?usp=sharing), generated with kicad-footprint-generator")
    (tags capacitor)
    (path /6007AF22)
    (attr smd)
    (fp_text reference C109 (at -3.7 0) (layer B.SilkS)
      (effects (font (size 1 1) (thickness 0.15)) (justify mirror))
    )
    (fp_text value 0.1 (at 0 -1.68) (layer B.Fab)
      (effects (font (size 1 1) (thickness 0.15)) (justify mirror))
    )
    (fp_line (start -1 -0.625) (end -1 0.625) (layer B.Fab) (width 0.1))
    (fp_line (start -1 0.625) (end 1 0.625) (layer B.Fab) (width 0.1))
    (fp_line (start 1 0.625) (end 1 -0.625) (layer B.Fab) (width 0.1))
    (fp_line (start 1 -0.625) (end -1 -0.625) (layer B.Fab) (width 0.1))
    (fp_line (start -0.261252 0.735) (end 0.261252 0.735) (layer B.SilkS) (width 0.12))
    (fp_line (start -0.261252 -0.735) (end 0.261252 -0.735) (layer B.SilkS) (width 0.12))
    (fp_line (start -1.7 -0.98) (end -1.7 0.98) (layer B.CrtYd) (width 0.05))
    (fp_line (start -1.7 0.98) (end 1.7 0.98) (layer B.CrtYd) (width 0.05))
    (fp_line (start 1.7 0.98) (end 1.7 -0.98) (layer B.CrtYd) (width 0.05))
    (fp_line (start 1.7 -0.98) (end -1.7 -0.98) (layer B.CrtYd) (width 0.05))
    (fp_text user %R (at 0 0) (layer B.Fab)
      (effects (font (size 0.5 0.5) (thickness 0.08)) (justify mirror))
    )
    (pad 1 smd roundrect (at -0.95 0) (size 1 1.45) (layers B.Cu B.Paste B.Mask) (roundrect_rratio 0.25)
      (net 3 3V3))
    (pad 2 smd roundrect (at 0.95 0) (size 1 1.45) (layers B.Cu B.Paste B.Mask) (roundrect_rratio 0.25)
      (net 2 GND))
    (model ${KISYS3DMOD}/Capacitor_SMD.3dshapes/C_0805_2012Metric.wrl
      (at (xyz 0 0 0))
      (scale (xyz 1 1 1))
      (rotate (xyz 0 0 0))
    )
  )

  (module Capacitor_SMD:C_0805_2012Metric (layer F.Cu) (tedit 5F68FEEE) (tstamp 600B914D)
    (at 124.75 53.75 90)
    (descr "Capacitor SMD 0805 (2012 Metric), square (rectangular) end terminal, IPC_7351 nominal, (Body size source: IPC-SM-782 page 76, https://www.pcb-3d.com/wordpress/wp-content/uploads/ipc-sm-782a_amendment_1_and_2.pdf, https://docs.google.com/spreadsheets/d/1BsfQQcO9C6DZCsRaXUlFlo91Tg2WpOkGARC1WS5S8t0/edit?usp=sharing), generated with kicad-footprint-generator")
    (tags capacitor)
    (path /6007B28B)
    (attr smd)
    (fp_text reference C110 (at 0 -1.68 90) (layer F.SilkS)
      (effects (font (size 1 1) (thickness 0.15)))
    )
    (fp_text value 0.1 (at 0 1.68 90) (layer F.Fab)
      (effects (font (size 1 1) (thickness 0.15)))
    )
    (fp_line (start 1.7 0.98) (end -1.7 0.98) (layer F.CrtYd) (width 0.05))
    (fp_line (start 1.7 -0.98) (end 1.7 0.98) (layer F.CrtYd) (width 0.05))
    (fp_line (start -1.7 -0.98) (end 1.7 -0.98) (layer F.CrtYd) (width 0.05))
    (fp_line (start -1.7 0.98) (end -1.7 -0.98) (layer F.CrtYd) (width 0.05))
    (fp_line (start -0.261252 0.735) (end 0.261252 0.735) (layer F.SilkS) (width 0.12))
    (fp_line (start -0.261252 -0.735) (end 0.261252 -0.735) (layer F.SilkS) (width 0.12))
    (fp_line (start 1 0.625) (end -1 0.625) (layer F.Fab) (width 0.1))
    (fp_line (start 1 -0.625) (end 1 0.625) (layer F.Fab) (width 0.1))
    (fp_line (start -1 -0.625) (end 1 -0.625) (layer F.Fab) (width 0.1))
    (fp_line (start -1 0.625) (end -1 -0.625) (layer F.Fab) (width 0.1))
    (fp_text user %R (at 0 0 90) (layer F.Fab)
      (effects (font (size 0.5 0.5) (thickness 0.08)))
    )
    (pad 2 smd roundrect (at 0.95 0 90) (size 1 1.45) (layers F.Cu F.Paste F.Mask) (roundrect_rratio 0.25)
      (net 2 GND))
    (pad 1 smd roundrect (at -0.95 0 90) (size 1 1.45) (layers F.Cu F.Paste F.Mask) (roundrect_rratio 0.25)
      (net 3 3V3))
    (model ${KISYS3DMOD}/Capacitor_SMD.3dshapes/C_0805_2012Metric.wrl
      (at (xyz 0 0 0))
      (scale (xyz 1 1 1))
      (rotate (xyz 0 0 0))
    )
  )

  (module Capacitor_SMD:C_0805_2012Metric (layer B.Cu) (tedit 5F68FEEE) (tstamp 600B9180)
    (at 109.5 56.75)
    (descr "Capacitor SMD 0805 (2012 Metric), square (rectangular) end terminal, IPC_7351 nominal, (Body size source: IPC-SM-782 page 76, https://www.pcb-3d.com/wordpress/wp-content/uploads/ipc-sm-782a_amendment_1_and_2.pdf, https://docs.google.com/spreadsheets/d/1BsfQQcO9C6DZCsRaXUlFlo91Tg2WpOkGARC1WS5S8t0/edit?usp=sharing), generated with kicad-footprint-generator")
    (tags capacitor)
    (path /60082C21/6008B005)
    (attr smd)
    (fp_text reference C203 (at 0 1.68) (layer B.SilkS)
      (effects (font (size 1 1) (thickness 0.15)) (justify mirror))
    )
    (fp_text value 0.1 (at 0 -1.68) (layer B.Fab)
      (effects (font (size 1 1) (thickness 0.15)) (justify mirror))
    )
    (fp_line (start 1.7 -0.98) (end -1.7 -0.98) (layer B.CrtYd) (width 0.05))
    (fp_line (start 1.7 0.98) (end 1.7 -0.98) (layer B.CrtYd) (width 0.05))
    (fp_line (start -1.7 0.98) (end 1.7 0.98) (layer B.CrtYd) (width 0.05))
    (fp_line (start -1.7 -0.98) (end -1.7 0.98) (layer B.CrtYd) (width 0.05))
    (fp_line (start -0.261252 -0.735) (end 0.261252 -0.735) (layer B.SilkS) (width 0.12))
    (fp_line (start -0.261252 0.735) (end 0.261252 0.735) (layer B.SilkS) (width 0.12))
    (fp_line (start 1 -0.625) (end -1 -0.625) (layer B.Fab) (width 0.1))
    (fp_line (start 1 0.625) (end 1 -0.625) (layer B.Fab) (width 0.1))
    (fp_line (start -1 0.625) (end 1 0.625) (layer B.Fab) (width 0.1))
    (fp_line (start -1 -0.625) (end -1 0.625) (layer B.Fab) (width 0.1))
    (fp_text user %R (at 0 0) (layer B.Fab)
      (effects (font (size 0.5 0.5) (thickness 0.08)) (justify mirror))
    )
    (pad 2 smd roundrect (at 0.95 0) (size 1 1.45) (layers B.Cu B.Paste B.Mask) (roundrect_rratio 0.25)
      (net 6 "Net-(C203-Pad2)"))
    (pad 1 smd roundrect (at -0.95 0) (size 1 1.45) (layers B.Cu B.Paste B.Mask) (roundrect_rratio 0.25)
      (net 7 DTR))
    (model ${KISYS3DMOD}/Capacitor_SMD.3dshapes/C_0805_2012Metric.wrl
      (at (xyz 0 0 0))
      (scale (xyz 1 1 1))
      (rotate (xyz 0 0 0))
    )
  )

  (module Diode_SMD:D_0805_2012Metric (layer F.Cu) (tedit 5F68FEF0) (tstamp 600B9193)
    (at 116.84 74.93 90)
    (descr "Diode SMD 0805 (2012 Metric), square (rectangular) end terminal, IPC_7351 nominal, (Body size source: https://docs.google.com/spreadsheets/d/1BsfQQcO9C6DZCsRaXUlFlo91Tg2WpOkGARC1WS5S8t0/edit?usp=sharing), generated with kicad-footprint-generator")
    (tags diode)
    (path /600B6061)
    (attr smd)
    (fp_text reference D101 (at 0.18 -4.59 90) (layer F.SilkS)
      (effects (font (size 1 1) (thickness 0.15)))
    )
    (fp_text value T0 (at 0 1.65 90) (layer F.Fab)
      (effects (font (size 1 1) (thickness 0.15)))
    )
    (fp_line (start 1.68 0.95) (end -1.68 0.95) (layer F.CrtYd) (width 0.05))
    (fp_line (start 1.68 -0.95) (end 1.68 0.95) (layer F.CrtYd) (width 0.05))
    (fp_line (start -1.68 -0.95) (end 1.68 -0.95) (layer F.CrtYd) (width 0.05))
    (fp_line (start -1.68 0.95) (end -1.68 -0.95) (layer F.CrtYd) (width 0.05))
    (fp_line (start -1.685 0.96) (end 1 0.96) (layer F.SilkS) (width 0.12))
    (fp_line (start -1.685 -0.96) (end -1.685 0.96) (layer F.SilkS) (width 0.12))
    (fp_line (start 1 -0.96) (end -1.685 -0.96) (layer F.SilkS) (width 0.12))
    (fp_line (start 1 0.6) (end 1 -0.6) (layer F.Fab) (width 0.1))
    (fp_line (start -1 0.6) (end 1 0.6) (layer F.Fab) (width 0.1))
    (fp_line (start -1 -0.3) (end -1 0.6) (layer F.Fab) (width 0.1))
    (fp_line (start -0.7 -0.6) (end -1 -0.3) (layer F.Fab) (width 0.1))
    (fp_line (start 1 -0.6) (end -0.7 -0.6) (layer F.Fab) (width 0.1))
    (fp_text user %R (at 0 0 90) (layer F.Fab)
      (effects (font (size 0.5 0.5) (thickness 0.08)))
    )
    (pad 2 smd roundrect (at 0.9375 0 90) (size 0.975 1.4) (layers F.Cu F.Paste F.Mask) (roundrect_rratio 0.25)
      (net 8 "Net-(D101-Pad2)"))
    (pad 1 smd roundrect (at -0.9375 0 90) (size 0.975 1.4) (layers F.Cu F.Paste F.Mask) (roundrect_rratio 0.25)
      (net 9 "Net-(D101-Pad1)"))
    (model ${KISYS3DMOD}/Diode_SMD.3dshapes/D_0805_2012Metric.wrl
      (at (xyz 0 0 0))
      (scale (xyz 1 1 1))
      (rotate (xyz 0 0 0))
    )
  )

  (module Diode_SMD:D_0805_2012Metric (layer F.Cu) (tedit 5F68FEF0) (tstamp 600B91A6)
    (at 119.38 74.93 90)
    (descr "Diode SMD 0805 (2012 Metric), square (rectangular) end terminal, IPC_7351 nominal, (Body size source: https://docs.google.com/spreadsheets/d/1BsfQQcO9C6DZCsRaXUlFlo91Tg2WpOkGARC1WS5S8t0/edit?usp=sharing), generated with kicad-footprint-generator")
    (tags diode)
    (path /600B6C81)
    (attr smd)
    (fp_text reference D102 (at 0.18 -5.88 90) (layer F.SilkS)
      (effects (font (size 1 1) (thickness 0.15)))
    )
    (fp_text value T1 (at 0 1.65 90) (layer F.Fab)
      (effects (font (size 1 1) (thickness 0.15)))
    )
    (fp_line (start 1.68 0.95) (end -1.68 0.95) (layer F.CrtYd) (width 0.05))
    (fp_line (start 1.68 -0.95) (end 1.68 0.95) (layer F.CrtYd) (width 0.05))
    (fp_line (start -1.68 -0.95) (end 1.68 -0.95) (layer F.CrtYd) (width 0.05))
    (fp_line (start -1.68 0.95) (end -1.68 -0.95) (layer F.CrtYd) (width 0.05))
    (fp_line (start -1.685 0.96) (end 1 0.96) (layer F.SilkS) (width 0.12))
    (fp_line (start -1.685 -0.96) (end -1.685 0.96) (layer F.SilkS) (width 0.12))
    (fp_line (start 1 -0.96) (end -1.685 -0.96) (layer F.SilkS) (width 0.12))
    (fp_line (start 1 0.6) (end 1 -0.6) (layer F.Fab) (width 0.1))
    (fp_line (start -1 0.6) (end 1 0.6) (layer F.Fab) (width 0.1))
    (fp_line (start -1 -0.3) (end -1 0.6) (layer F.Fab) (width 0.1))
    (fp_line (start -0.7 -0.6) (end -1 -0.3) (layer F.Fab) (width 0.1))
    (fp_line (start 1 -0.6) (end -0.7 -0.6) (layer F.Fab) (width 0.1))
    (fp_text user %R (at 0 0 90) (layer F.Fab)
      (effects (font (size 0.5 0.5) (thickness 0.08)))
    )
    (pad 2 smd roundrect (at 0.9375 0 90) (size 0.975 1.4) (layers F.Cu F.Paste F.Mask) (roundrect_rratio 0.25)
      (net 10 "Net-(D102-Pad2)"))
